%YAML:1.0
---
nmarkers: 9
markersize: 6
maxCorrectionBits: 4
marker_0: "110101011101011000101000010110000100"
marker_1: "110110010111111100011000101101001001"
marker_2: "110111010010100000001001000100001110"
marker_3: "111001000111100111101001110010011000"
marker_4: "111010111100101111001010100000100010"
marker_5: "111100110001110110101011001110101100"
marker_6: "000001010110101001011101000010000101"
marker_7: "000100000110010100101110000111010100"
marker_8: "001000101011000111011111111010101101"
